100	0
200	0
300	0
400	0
500	0
600	0
700	0
800	15
900	0
1000	0
1100	0
1200	0
1300	16
1400	0
1500	0
1600	0
1700	16
1800	0
1900	15
2000	0
2100	32
2200	0
2300	15
2400	16
2500	15
2600	16
2700	16
2800	15
2900	16
3000	16
3100	15
3200	16
3300	15
3400	32
3500	15
3600	32
3700	31
3800	31
3900	16
4000	47
4100	31
4200	31
4300	31
4400	32
4500	31
4600	47
4700	31
4800	47
4900	47
5000	47
5100	78
5200	62
5300	47
5400	63
5500	62
5600	63
5700	46
5800	79
5900	62
6000	63
6100	78
6200	62
6300	78
6400	78
6500	79
6600	78
6700	78
6800	78
6900	94
7000	93
7100	94
7200	94
7300	109
7400	110
7500	125
7600	109
7700	109
7800	110
7900	125
